36 489
0 0 0 1 1 1 2 1 0 2 1 1 1 0 2 2 1 1 2 2 2 0 1 2 2 0 1 0 1 2 2 1 0 1 1 0
10 12 1
20 24 1
2 1 2
29 27 1
13 15 0
16 3 1
5 24 1
8 21 2
23 26 1
13 11 2
35 6 1
20 3 0
31 2 0
20 0 1
20 1 1
26 32 2
6 13 0
1 15 1
18 28 2
10 23 0
25 0 0
26 22 2
7 27 1
25 22 1
7 14 1
33 34 1
16 19 2
6 26 1
9 14 2
1 3 0
2 0 2
34 21 1
8 2 0
32 22 2
12 31 1
23 32 2
35 24 1
29 2 0
25 31 0
17 21 2
34 25 0
9 15 1
29 11 0
26 1 0
3 15 2
5 14 1
5 17 1
30 3 0
2 32 2
23 27 1
31 28 1
33 17 0
20 19 1
26 28 2
34 8 1
19 28 1
12 24 0
18 32 0
33 25 0
31 19 1
11 19 0
12 35 0
9 8 0
12 11 0
11 26 0
4 15 0
5 3 0
27 3 2
9 22 0
24 15 2
4 2 2
18 6 2
34 27 2
28 0 2
8 26 1
9 7 1
30 0 1
10 22 0
1 32 0
19 0 1
31 24 2
14 21 0
27 21 1
20 32 0
8 32 0
4 26 0
16 32 2
5 22 2
18 11 2
4 22 0
11 2 2
29 32 1
12 19 0
35 0 1
8 13 1
16 8 1
25 17 1
17 32 2
23 28 2
23 30 0
19 24 1
2 7 1
30 7 0
5 13 1
28 22 0
25 11 1
8 22 2
12 28 0
12 1 1
25 30 1
7 22 0
8 7 2
29 24 2
10 7 2
6 3 0
34 0 1
12 30 0
29 6 2
1 19 0
17 2 2
11 7 0
31 3 0
17 24 1
10 15 2
16 6 2
18 23 1
25 27 0
25 24 0
1 0 1
35 1 0
27 22 1
26 0 2
23 3 1
34 15 0
31 14 2
11 21 1
4 31 2
4 9 2
23 24 2
21 0 2
18 7 0
34 28 0
12 13 1
16 24 2
21 22 2
5 9 2
26 15 0
5 21 0
20 35 2
4 6 0
5 25 0
13 1 1
34 18 0
4 11 1
10 8 2
34 30 1
9 26 1
23 21 1
29 35 0
30 32 2
5 29 0
33 12 1
10 27 1
33 29 2
16 12 2
13 19 2
20 12 2
13 0 1
16 27 0
27 28 1
25 23 2
20 2 0
17 0 2
33 32 1
10 14 2
16 11 2
13 30 0
10 9 0
33 0 1
12 26 0
25 2 1
29 10 1
20 26 1
30 22 0
8 1 0
31 7 0
11 22 1
5 20 1
11 14 2
20 25 1
6 0 2
23 15 1
33 18 1
4 30 0
27 1 1
5 7 1
9 27 0
1 28 0
18 2 0
33 1 2
8 17 1
12 3 0
26 27 0
1 22 0
16 9 2
17 19 0
9 1 0
25 12 1
4 23 2
9 19 2
25 19 0
14 28 0
6 2 2
29 13 1
35 23 0
18 0 0
9 32 1
34 3 1
30 15 1
33 31 2
34 14 1
5 23 0
7 24 0
25 14 2
5 8 1
25 8 0
23 0 0
5 30 1
20 18 2
28 15 0
33 7 0
35 32 0
12 14 0
6 14 2
2 3 0
33 23 1
18 15 1
33 22 1
23 11 2
28 3 0
19 3 0
5 15 1
5 31 1
20 6 0
17 14 2
21 3 1
25 16 2
31 21 2
4 28 1
4 32 2
6 28 1
10 31 0
22 15 0
5 27 1
20 13 0
10 1 1
6 11 2
13 26 2
31 32 0
20 16 0
32 28 2
10 18 0
9 35 1
33 15 1
33 9 0
11 3 2
16 1 0
18 21 1
32 3 0
29 0 0
34 22 2
6 8 2
5 32 0
33 28 1
9 0 2
16 22 1
34 31 2
5 28 0
10 24 1
29 1 2
23 13 0
12 32 0
34 4 1
2 21 2
32 14 2
18 26 0
4 7 0
10 0 0
20 22 2
13 22 0
4 25 0
29 26 0
23 17 2
10 11 2
29 31 2
31 35 0
22 24 0
13 14 2
7 28 2
35 2 0
29 4 1
31 11 1
20 30 0
5 6 0
8 24 2
16 0 1
4 27 1
35 19 2
22 3 2
25 1 1
17 22 1
32 19 1
33 35 0
20 14 1
24 3 1
33 24 0
23 8 2
34 12 2
30 28 0
35 15 2
11 1 2
33 3 1
27 15 1
13 21 1
30 17 0
0 3 2
11 32 2
5 34 1
31 30 2
33 14 0
7 32 1
6 24 2
34 9 2
0 22 2
33 27 0
5 16 0
8 19 2
8 27 2
23 1 2
9 3 1
9 2 2
29 7 2
18 17 1
9 30 2
4 35 1
4 8 0
5 2 2
12 17 2
31 6 0
6 23 2
14 15 0
16 13 0
12 23 2
29 15 0
29 14 0
8 15 1
5 18 1
32 0 2
23 2 1
13 32 2
20 7 1
30 24 1
4 17 0
0 24 2
6 21 2
31 22 0
12 2 2
2 22 1
6 7 0
5 0 2
32 21 2
17 27 0
30 1 1
16 7 0
8 3 1
25 7 2
16 2 2
25 18 1
5 19 0
35 13 1
4 16 1
25 35 2
18 3 0
21 24 2
4 1 0
25 6 0
14 0 1
0 15 0
11 24 1
31 27 2
34 32 1
33 20 1
35 21 0
23 7 1
33 8 0
21 19 2
35 11 2
8 11 2
25 13 2
28 24 2
23 19 0
20 9 1
32 15 2
27 0 0
29 3 2
35 28 1
18 16 0
6 30 0
18 22 1
12 21 0
13 7 0
5 11 1
26 7 2
31 13 1
18 8 1
35 22 1
14 19 2
29 30 2
29 8 1
9 24 2
20 29 1
10 30 0
29 18 1
12 15 1
4 19 0
12 27 0
4 24 1
34 29 0
26 14 2
5 1 1
7 1 2
35 3 2
18 13 2
8 30 2
8 0 0
23 14 0
29 23 1
16 21 0
9 6 1
1 14 1
26 2 2
33 16 2
13 2 0
13 3 1
13 24 1
27 19 2
31 0 2
12 9 0
20 23 0
29 19 2
18 30 2
2 28 1
20 21 0
27 24 0
25 15 0
17 15 0
34 26 2
34 10 2
10 6 0
16 26 0
7 15 1
21 28 0
21 15 2
4 0 2
31 9 0
27 14 1
25 9 2
14 3 1
18 9 2
20 4 2
13 17 1
33 11 0
9 21 1
33 21 2
7 21 0
16 30 2
12 7 0
6 22 0
6 17 1
10 19 1
13 28 1
25 32 2
4 18 1
31 15 2
10 26 2
10 13 2
18 35 2
5 10 1
6 32 0
